2222.0
2222.0
2222.0
2222.0
2222.0
2230.0
2222.0
2230.0
2222.0
2230.0
2200.0
2222.0
2230.0
2200.0
2222.0
2230.0
2222.0
2200.0
2222.0
2230.0
2230.0
2200.0
2222.0
2230.0
2200.0
2222.0
2230.0
2200.0
2222.0
2230.0
2200.0
2222.0
2230.0
2200.0
2200.0
2230.0
2200.0
2222.0
2230.0
2200.0
2230.0
2200.0
2230.0
2200.0
2230.0
2230.0
2200.0
2230.0
2230.0
2200.0
2230.0
2200.0
2230.0
2222.0
2230.0
2177.0
2230.0
2177.0
2177.0
2177.0
2177.0
2177.0
2177.0
2177.0
2177.0
2180.0
2177.0
2180.0
487.0
487.0
487.0
487.0
487.0
487.0
487.0
489.0
487.0
489.0
492.0
487.0
489.0
492.0
487.0
492.0
487.0
492.0
487.0
492.0
487.0
489.0
492.0
492.0
487.0
489.0
492.0
487.0
489.0
492.0
487.0
492.0
492.0
492.0
489.0
489.0
492.0
487.0
492.0
492.0
492.0
492.0
505.0
505.0
505.0
505.0
505.0
505.0
505.0
505.0
517.0
517.0
4571.0
4571.0
4571.0
4553.0
4571.0
4571.0
4553.0
4571.0
4771.0
4553.0
4571.0
4771.0
4553.0
4571.0
4771.0
4553.0
4571.0
4771.0
4553.0
4571.0
4771.0
4553.0
4571.0
4771.0
4571.0
4771.0
4771.0
4571.0
4771.0
4771.0
4571.0
4771.0
4571.0
4771.0
4771.0
4771.0
4771.0
4771.0
4771.0
4571.0
4771.0
4771.0
4771.0
4553.0
4654.0
4654.0
4654.0
4654.0
4654.0
4648.0
4654.0
4671.0
4648.0
4654.0
4662.0
4648.0
4654.0
4662.0
4671.0
4671.0
4648.0
4654.0
4662.0
4671.0
4662.0
4648.0
4648.0
4654.0
4662.0
4671.0
4654.0
4662.0
4671.0
4648.0
4654.0
4662.0
4671.0
4648.0
4671.0
4648.0
4654.0
4662.0
4671.0
4654.0
4662.0
4648.0
4662.0
4671.0
4648.0
4662.0
4671.0
4648.0
4662.0
4671.0
4671.0
4648.0
4662.0
4671.0
4648.0
4654.0
4671.0
4648.0
4648.0
4648.0
4648.0
4648.0
4648.0
4648.0
67.0
67.0
67.0
67.0
65.0
67.0
67.0
65.0
65.0
67.0
65.0
67.0
65.0
67.0
65.0
67.0
65.0
67.0
67.0
65.0
67.0
75.0
65.0
75.0
65.0
67.0
75.0
65.0
65.0
67.0
75.0
65.0
67.0
75.0
65.0
67.0
75.0
75.0
65.0
67.0
75.0
65.0
75.0
65.0
75.0
65.0
75.0
65.0
75.0
75.0
65.0
75.0
65.0
75.0
65.0
65.0
65.0
65.0
40036.0
40036.0
40036.0
38431.0
40036.0
40036.0
38431.0
40036.0
38431.0
40036.0
38431.0
40036.0
38431.0
40036.0
38431.0
40036.0
40036.0
40223.0
40502.0
40223.0
40036.0
38431.0
40036.0
40223.0
40502.0
38431.0
40036.0
40223.0
40502.0
38431.0
40223.0
40502.0
38431.0
40036.0
40223.0
40502.0
38431.0
40036.0
40223.0
38431.0
40036.0
40223.0
40502.0
40036.0
40223.0
40223.0
38431.0
40036.0
40223.0
38431.0
40036.0
40223.0
40502.0
40223.0
40502.0
38431.0
40036.0
40223.0
40502.0
38431.0
40223.0
40502.0
38431.0
40223.0
40502.0
38431.0
40223.0
40502.0
40223.0
40502.0
38444.0
40036.0
40223.0
40502.0
38444.0
40502.0
38444.0
38444.0
38444.0
38444.0
38444.0
38444.0
38444.0
38450.0
38450.0
423.0
423.0
423.0
438.0
423.0
438.0
423.0
438.0
438.0
423.0
423.0
438.0
423.0
438.0
423.0
438.0
465.0
438.0
423.0
438.0
423.0
438.0
465.0
438.0
460.0
465.0
423.0
438.0
460.0
465.0
465.0
438.0
460.0
465.0
423.0
438.0
460.0
465.0
438.0
460.0
465.0
423.0
460.0
423.0
460.0
465.0
423.0
438.0
460.0
465.0
423.0
438.0
460.0
465.0
423.0
460.0
465.0
438.0
460.0
438.0
460.0
423.0
438.0
460.0
465.0
460.0
465.0
460.0
423.0
438.0
460.0
465.0
460.0
460.0
465.0
423.0
460.0
465.0
423.0
465.0
423.0
460.0
465.0
465.0
460.0
465.0
460.0
465.0
460.0
465.0
465.0
438.0
460.0
465.0
423.0
465.0
423.0
465.0
423.0
465.0
423.0
399.0
70726.0
70726.0
69337.0
70726.0
70726.0
70726.0
69337.0
70726.0
69337.0
70726.0
69337.0
70726.0
69337.0
70726.0
70865.0
70726.0
69337.0
70726.0
70865.0
70929.0
69337.0
70726.0
70865.0
70929.0
70726.0
70865.0
70929.0
70929.0
70726.0
70865.0
70929.0
69337.0
70726.0
70865.0
70929.0
69337.0
70726.0
70865.0
70929.0
69337.0
70929.0
69337.0
70865.0
70929.0
69337.0
70726.0
70929.0
70726.0
70929.0
70726.0
70929.0
70865.0
70929.0
69337.0
70865.0
70929.0
69337.0
70865.0
70929.0
69337.0
70865.0
70929.0
69337.0
70726.0
70865.0
70929.0
70865.0
70929.0
69337.0
70865.0
70929.0
70929.0
70865.0
70929.0
70865.0
70865.0
70929.0
68666.0
70726.0
70865.0
68666.0
70865.0
68666.0
68666.0
70865.0
68666.0
68666.0
70865.0
68666.0
68666.0
68666.0
68666.0
68666.0
68666.0
68666.0
68536.0
68536.0
68666.0
68536.0
45171.0
45171.0
45171.0
45171.0
41558.0
45171.0
41558.0
45171.0
41558.0
45171.0
41558.0
45171.0
48519.0
41558.0
45171.0
41558.0
41558.0
45171.0
48213.0
48519.0
41558.0
45171.0
48519.0
41558.0
45171.0
48213.0
48519.0
48213.0
48519.0
48213.0
41558.0
45171.0
48213.0
48519.0
41558.0
48213.0
41558.0
45171.0
48213.0
48519.0
41558.0
45171.0
48213.0
48519.0
45171.0
48213.0
45171.0
48213.0
45171.0
48213.0
48519.0
45171.0
48213.0
48519.0
41558.0
48213.0
48519.0
41558.0
48213.0
48213.0
48519.0
48213.0
48519.0
48213.0
48519.0
48213.0
48519.0
41493.0
45171.0
48213.0
48519.0
41493.0
48519.0
41493.0
48213.0
48519.0
41493.0
48519.0
41493.0
41493.0
48519.0
41493.0
48519.0
41493.0
41493.0
41493.0
41493.0
41493.0
41493.0
41451.0
41493.0
41451.0
35299.0
52702.0
35299.0
52702.0
35299.0
52702.0
35299.0
52702.0
35299.0
52702.0
87235.0
35299.0
52702.0
52702.0
87235.0
35299.0
52702.0
86317.0
87235.0
35299.0
52702.0
86317.0
86317.0
35299.0
52702.0
86317.0
87235.0
87235.0
52702.0
86317.0
87235.0
35299.0
52702.0
86317.0
52702.0
86317.0
87235.0
35299.0
35299.0
86317.0
87235.0
35299.0
86317.0
87235.0
35299.0
52702.0
86317.0
87235.0
52702.0
86317.0
87235.0
87235.0
86317.0
87235.0
36731.0
86317.0
87235.0
36731.0
86317.0
87235.0
36731.0
52702.0
87235.0
36731.0
86317.0
87235.0
36731.0
87235.0
36731.0
87235.0
36731.0
36731.0
36731.0
36731.0
36160.0
36731.0
36160.0
65592.0
53190.0
65592.0
53190.0
65592.0
53190.0
65592.0
53190.0
65592.0
75799.0
53190.0
65592.0
74244.0
53190.0
65592.0
74244.0
75799.0
53190.0
65592.0
74244.0
75799.0
74244.0
75799.0
53190.0
65592.0
74244.0
75799.0
53190.0
65592.0
74244.0
75799.0
53190.0
65592.0
74244.0
53190.0
65592.0
74244.0
75799.0
53190.0
53190.0
74244.0
75799.0
65592.0
74244.0
75799.0
74244.0
75799.0
74244.0
75799.0
57018.0
74244.0
75799.0
57018.0
74244.0
75799.0
57018.0
75799.0
57018.0
75799.0
57018.0
75799.0
57018.0
57018.0
57018.0
57018.0
57018.0
55879.0
55879.0
49908.0
55879.0
49908.0
55029.0
55879.0
49908.0
55029.0
55879.0
49908.0
55029.0
55246.0
55879.0
49908.0
55029.0
55246.0
55879.0
55029.0
49908.0
55029.0
55246.0
55879.0
49908.0
55029.0
55246.0
49908.0
55246.0
55879.0
49908.0
49908.0
55246.0
55879.0
49908.0
55029.0
55246.0
55029.0
55246.0
49205.0
55029.0
55246.0
55879.0
49205.0
55029.0
55246.0
49205.0
55029.0
55246.0
49205.0
55029.0
55246.0
49205.0
55029.0
49205.0
55029.0
49205.0
49205.0
49205.0
49205.0
49205.0
49205.0
193471.0
202690.0
193471.0
202690.0
193471.0
202690.0
217003.0
193471.0
202690.0
217003.0
193471.0
202690.0
208110.0
217003.0
208110.0
217003.0
193471.0
202690.0
208110.0
217003.0
193471.0
208110.0
217003.0
202690.0
208110.0
202690.0
193471.0
202690.0
208110.0
217003.0
193471.0
208110.0
217003.0
185681.0
208110.0
217003.0
185681.0
208110.0
217003.0
185681.0
208110.0
217003.0
185681.0
217003.0
185681.0
217003.0
185681.0
217003.0
185681.0
185681.0
185681.0
58848.0
99321.0
58848.0
99321.0
58848.0
99321.0
144209.0
58848.0
99321.0
144209.0
153692.0
58848.0
99321.0
144209.0
153692.0
58848.0
99321.0
144209.0
153692.0
58848.0
99321.0
144209.0
153692.0
58848.0
99321.0
144209.0
153692.0
56528.0
144209.0
153692.0
56528.0
144209.0
153692.0
56528.0
99321.0
144209.0
153692.0
56528.0
144209.0
56528.0
144209.0
56528.0
144209.0
56528.0
56492.0
56528.0
56492.0
123097.0
117942.0
123097.0
117942.0
123097.0
122091.0
117942.0
122091.0
123097.0
129378.0
117942.0
122091.0
123097.0
129378.0
117942.0
122091.0
123097.0
129378.0
117942.0
122091.0
123097.0
117942.0
122091.0
129378.0
116140.0
122091.0
129378.0
116140.0
122091.0
123097.0
129378.0
116140.0
122091.0
129378.0
116140.0
129378.0
32007.0
116140.0
129378.0
32007.0
25891.0
26491.0
25891.0
26491.0
25891.0
26192.0
26491.0
25891.0
26192.0
26491.0
26886.0
25891.0
26192.0
26491.0
26886.0
25891.0
26192.0
26491.0
26886.0
25891.0
26192.0
26529.0
26886.0
26192.0
26529.0
26886.0
25891.0
26192.0
26529.0
26886.0
24550.0
26192.0
26529.0
26886.0
26529.0
26886.0
24550.0
42012.0
40970.0
42012.0
42012.0
40970.0
42012.0
40970.0
42012.0
45220.0
45233.0
40970.0
42012.0
45220.0
45233.0
40970.0
42012.0
45220.0
45233.0
42012.0
45220.0
45233.0
39967.0
45220.0
45233.0
39967.0
42012.0
45220.0
45233.0
39967.0
39986.0
45220.0
45233.0
39967.0
45220.0
45220.0
39986.0
107667.0
107667.0
111433.0
107667.0
111433.0
113864.0
122142.0
107667.0
111433.0
113864.0
122142.0
107667.0
111433.0
113864.0
122142.0
110674.0
113864.0
122142.0
107667.0
110674.0
113864.0
122142.0
110674.0
113864.0
122142.0
110674.0
122142.0
66068.0
61002.0
66068.0
61002.0
66068.0
72406.0
61002.0
66068.0
72406.0
75431.0
61002.0
66068.0
72406.0
75431.0
60034.0
66068.0
72406.0
60034.0
72406.0
75431.0
56882.0
60034.0
66068.0
72406.0
75431.0
75431.0
75431.0
56882.0
75857.0
71707.0
75857.0
75857.0
71707.0
75755.0
75857.0
79317.0
71707.0
75755.0
75857.0
79317.0
71707.0
75755.0
75857.0
79317.0
71334.0
75755.0
79317.0
71219.0
71334.0
75755.0
75857.0
79317.0
71334.0
75755.0
75755.0
71219.0
31648.0
26312.0
31648.0
26312.0
31648.0
26312.0
31648.0
33704.0
33754.0
33704.0
33754.0
26312.0
31648.0
33704.0
33754.0
26312.0
26421.0
31648.0
33704.0
33754.0
26421.0
33704.0
33754.0
26421.0
26998.0
33754.0
33754.0
26998.0
74387.0
79601.0
74387.0
75323.0
79601.0
79930.0
74387.0
72145.0
74387.0
75323.0
79601.0
79930.0
74387.0
79930.0
72145.0
74387.0
75323.0
79601.0
79930.0
72145.0
75323.0
79930.0
72140.0
75323.0
75323.0
72140.0
86824.0
81025.0
86824.0
81025.0
86824.0
92854.0
95305.0
81025.0
86824.0
92854.0
95305.0
81025.0
74773.0
81025.0
86824.0
92854.0
95305.0
74773.0
95305.0
74773.0
95305.0
73559.0
50798.0
50487.0
50798.0
58610.0
50119.0
50487.0
50798.0
58610.0
50119.0
50487.0
50798.0
58610.0
35296.0
50487.0
50798.0
58610.0
35296.0
58610.0
58610.0
35306.0
66949.0
66131.0
66949.0
66131.0
66949.0
69436.0
69451.0
69451.0
65231.0
66131.0
66949.0
69436.0
69451.0
58338.0
65231.0
69451.0
69451.0
58338.0
203320.0
211145.0
203320.0
203459.0
211145.0
212677.0
203320.0
203459.0
211145.0
212677.0
211145.0
203459.0
212629.0
212677.0
207619.0
70476.0
78887.0
88897.0
70476.0
70476.0
78887.0
88612.0
88897.0
69043.0
70476.0
78887.0
88612.0
88897.0
62481.0
69043.0
78887.0
88612.0
62481.0
69043.0
88612.0
30829.0
31082.0
31397.0
32648.0
31397.0
30829.0
31082.0
31397.0
32648.0
22958.0
23419.0
30829.0
23419.0
87384.0
87917.0
87927.0
87384.0
87917.0
87927.0
87384.0
87927.0
87384.0
87842.0
87927.0
87384.0
87842.0
88704.0
40866.0
41016.0
41066.0
40866.0
41016.0
41018.0
41066.0
40866.0
41018.0
41066.0
41018.0
59913.0
69712.0
81441.0
59913.0
59914.0
69712.0
81441.0
59913.0
59914.0
71648.0
81441.0
81467.0