6.100
6.150
6.200
6.200
6.250
6.250
6.300
6.300
6.350
6.350
6.400
6.400
6.400
6.450
6.450
6.450
6.450
6.500
6.500
6.500
6.550
6.550
6.550
6.550
6.600
6.600
6.600
6.650
6.650
6.650
6.700
6.700
6.700
6.700
6.750
6.750
6.800
6.800
6.800
6.850
6.850
6.900
6.900
6.950
6.950
6.950
7.000
7.000
7.050
7.050
7.050
7.100
7.100
7.150
7.150
7.200
7.200
7.250
7.300
7.350
7.400
7.450
7.450
7.500
7.600
7.600
7.650
8.100
5.100
5.150
5.200
5.250
5.300
5.350
5.400
5.400
5.450
5.450
5.450
5.500
5.500
5.500
5.550
5.550
5.600
5.600
5.650
5.650
5.700
5.700
5.700
5.700
5.750
5.750
5.750
5.800
5.800
5.800
5.850
5.850
5.900
5.950
5.950
6.000
6.000
6.050
6.050
6.100
6.150
6.200
6.200
6.250
6.300
6.400
6.450
6.500
6.550
6.600
6.600
7.100
4.200
4.250
4.300
4.300
4.300
4.350
4.400
4.400
4.400
4.450
4.450
4.450
4.500
4.500
4.500
4.550
4.550
4.550
4.600
4.600
4.600
4.650
4.650
4.650
4.700
4.700
4.700
4.750
4.750
4.800
4.850
4.850
4.900
4.900
4.950
4.950
5.000
5.050
5.100
5.150
5.150
5.200
5.250
7.850
3.250
3.300
3.350
3.350
3.400
3.450
3.450
3.450
3.500
3.500
3.500
3.550
3.550
3.550
3.550
3.600
3.600
3.600
3.600
3.600
3.650
3.650
3.700
3.700
3.700
3.700
3.750
3.750
3.750
3.800
3.800
3.800
3.800
3.850
3.850
3.900
3.900
3.900
3.900
3.950
3.950
4.000
4.000
4.000
4.050
4.050
4.050
4.100
4.100
4.100
4.150
4.200
4.200
4.200
4.250
4.250
4.250
4.300
4.350
4.400
4.500
4.600
4.700
5.200
2.750
2.775
2.800
2.825
2.850
2.850
2.875
2.900
2.925
2.925
2.950
2.950
3.000
3.000
3.025
3.025
3.050
3.050
3.075
3.100
3.100
3.100
3.150
3.150
3.200
3.200
3.200
3.225
3.250
3.250
3.250
3.300
3.300
3.300
3.350
3.350
3.350
3.350
3.400
3.400
3.400
3.450
3.450
3.500
3.500
3.550
3.550
3.600
3.600
3.650
3.650
3.650
3.700
3.700
3.750
3.800
3.900
4.700
2.500
2.525
2.525
2.575
2.575
2.600
2.625
2.625
2.650
2.650
2.675
2.675
2.700
2.700
2.725
2.725
2.750
2.750
2.750
2.775
2.775
2.800
2.800
2.800
2.800
2.825
2.825
2.825
2.825
2.850
2.850
2.850
2.875
2.875
2.875
2.875
2.900
2.900
2.900
2.925
2.925
2.925
2.925
2.950
2.950
2.975
3.000
3.000
3.000
3.025
3.025
3.025
3.025
3.050
3.050
3.100
3.100
3.100
3.100
3.150
3.150
3.150
3.175
3.200
3.200
3.250
3.250
3.250
3.300
3.300
3.350
3.350
3.350
3.350
3.400
3.400
3.450
3.500
3.550
3.600
3.650
3.700
3.800
3.800
4.250
2.100
2.150
2.200
2.200
2.225
2.225
2.250
2.250
2.275
2.275
2.300
2.300
2.325
2.325
2.350
2.350
2.350
2.350
2.375
2.375
2.400
2.400
2.400
2.425
2.425
2.425
2.450
2.450
2.450
2.450
2.475
2.475
2.475
2.475
2.500
2.500
2.500
2.500
2.525
2.525
2.525
2.525
2.525
2.550
2.550
2.550
2.575
2.575
2.575
2.575
2.600
2.600
2.600
2.600
2.625
2.625
2.625
2.650
2.650
2.675
2.675
2.700
2.700
2.700
2.700
2.725
2.725
2.725
2.750
2.750
2.750
2.750
2.775
2.775
2.775
2.800
2.800
2.800
2.825
2.825
2.850
2.850
2.850
2.875
2.900
2.900
2.925
2.925
2.950
2.950
2.975
3.000
3.000
3.000
3.025
3.025
3.050
3.050
3.100
3.100
3.150
3.800
1.925
1.925
1.950
1.950
1.975
2.000
2.025
2.025
2.050
2.050
2.075
2.075
2.100
2.100
2.100
2.125
2.150
2.150
2.150
2.150
2.175
2.175
2.175
2.175
2.200
2.200
2.200
2.225
2.225
2.225
2.225
2.250
2.250
2.250
2.250
2.275
2.275
2.275
2.275
2.275
2.275
2.300
2.300
2.300
2.325
2.325
2.325
2.350
2.350
2.375
2.375
2.400
2.400
2.425
2.425
2.425
2.450
2.450
2.450
2.475
2.475
2.475
2.500
2.500
2.500
2.500
2.525
2.525
2.525
2.550
2.550
2.575
2.600
2.600
2.625
2.650
2.650
2.675
2.675
2.675
2.700
2.700
2.725
2.725
2.725
2.750
2.775
2.775
2.800
2.825
2.850
2.875
2.900
2.925
2.950
3.000
3.025
3.025
3.400
1.500
1.525
1.550
1.550
1.575
1.575
1.600
1.600
1.625
1.625
1.650
1.650
1.650
1.675
1.675
1.675
1.700
1.700
1.700
1.700
1.725
1.725
1.725
1.750
1.750
1.750
1.750
1.775
1.775
1.800
1.800
1.800
1.800
1.800
1.825
1.825
1.825
1.825
1.825
1.825
1.850
1.850
1.850
1.850
1.875
1.875
1.900
1.900
1.925
1.925
1.925
1.950
1.950
1.950
1.950
1.975
1.975
2.000
2.000
2.025
2.025
2.050
2.050
2.075
2.075
2.100
2.100
2.125
2.125
2.125
2.125
2.150
2.150
2.175
2.175
2.175
2.200
2.200
2.225
2.225
2.225
2.250
2.250
2.275
2.300
2.325
2.350
2.375
2.400
2.425
2.425
2.775
1.225
1.225
1.250
1.250
1.275
1.275
1.300
1.300
1.325
1.325
1.325
1.350
1.350
1.375
1.375
1.400
1.400
1.400
1.400
1.425
1.425
1.425
1.425
1.450
1.450
1.450
1.450
1.450
1.475
1.475
1.475
1.500
1.500
1.500
1.525
1.525
1.525
1.550
1.550
1.550
1.550
1.575
1.575
1.575
1.600
1.600
1.600
1.600
1.625
1.625
1.625
1.650
1.675
1.675
1.700
1.700
1.700
1.725
1.725
1.725
1.750
1.750
1.750
1.775
1.775
1.775
1.800
1.800
1.825
1.825
1.850
1.875
1.900
1.925
1.950
1.950
2.275
0.975
1.000
1.025
1.050
1.050
1.075
1.075
1.100
1.100
1.100
1.125
1.125
1.125
1.150
1.150
1.150
1.150
1.175
1.175
1.175
1.175
1.175
1.175
1.200
1.200
1.200
1.200
1.225
1.225
1.225
1.225
1.250
1.250
1.250
1.275
1.275
1.275
1.275
1.300
1.300
1.300
1.300
1.325
1.325
1.325
1.350
1.350
1.375
1.375
1.400
1.400
1.400
1.425
1.425
1.425
1.450
1.450
1.475
1.475
1.500
1.500
1.525
1.550
1.575
1.600
1.650
0.850
0.850
0.875
0.875
0.900
0.900
0.900
0.925
0.925
0.925
0.950
0.950
0.950
0.950
0.975
0.975
0.975
0.975
0.975
1.000
1.000
1.000
1.000
1.025
1.025
1.025
1.050
1.050
1.050
1.075
1.075
1.075
1.075
1.100
1.100
1.100
1.125
1.125
1.150
1.150
1.150
1.150
1.175
1.175
1.175
1.200
1.200
1.200
1.225
1.225
1.225
1.250
1.250
1.275
1.275
1.300
1.325
1.325
1.350
1.375
1.400
0.725
0.725
0.750
0.750
0.775
0.775
0.775
0.800
0.800
0.800
0.825
0.825
0.825
0.825
0.850
0.850
0.850
0.850
0.850
0.850
0.875
0.875
0.875
0.900
0.900
0.900
0.925
0.925
0.925
0.925
0.950
0.950
0.950
0.975
0.975
0.975
1.000
1.000
1.000
1.025
1.025
1.025
1.050
1.050
1.075
1.075
1.100
1.100
1.125
1.150
1.175
0.625
0.625
0.650
0.650
0.675
0.675
0.675
0.700
0.700
0.700
0.700
0.725
0.725
0.725
0.725
0.750
0.750
0.750
0.750
0.775
0.775
0.775
0.775
0.800
0.800
0.800
0.800
0.825
0.825
0.825
0.850
0.850
0.850
0.875
0.875
0.875
0.875
0.900
0.900
0.925
0.925
0.950
0.950
0.975
0.975
0.975
1.125
0.475
0.550
0.550
0.575
0.575
0.600
0.600
0.600
0.600
0.600
0.625
0.625
0.625
0.625
0.650
0.650
0.650
0.650
0.675
0.675
0.675
0.700
0.700
0.700
0.725
0.725
0.725
0.750
0.750
0.750
0.750
0.775
0.775
0.775
0.800
0.800
0.825
0.825
0.825
0.975
0.475
0.475
0.500
0.500
0.525
0.525
0.525
0.550
0.550
0.550
0.550
0.575
0.575
0.575
0.575
0.600
0.600
0.600
0.600
0.625
0.625
0.625
0.625
0.650
0.650
0.650
0.675
0.675
0.675
0.675
0.700
0.700
0.700
0.700
0.725
0.725
0.875
0.400
0.425
0.425
0.450
0.450
0.450
0.475
0.475
0.475
0.475
0.500
0.500
0.500
0.500
0.525
0.525
0.525
0.525
0.550
0.550
0.550
0.575
0.575
0.575
0.600
0.600
0.600
0.600
0.625
0.625
0.625
0.625
0.650
0.650
0.675
0.775
0.375
0.400
0.400
0.425
0.425
0.425
0.425
0.450
0.450
0.450
0.450
0.475
0.475
0.475
0.475
0.500
0.500
0.500
0.525
0.525
0.525
0.525
0.550
0.550
0.550
0.575
0.575
0.325
0.350
0.350
0.375
0.375
0.375
0.400
0.400
0.400
0.400
0.425
0.425
0.425
0.425
0.450
0.450
0.450
0.475
0.475
0.475
0.500
0.500
0.500
0.500
0.500
0.525
0.550
0.625
0.275
0.325
0.325
0.325
0.350
0.350
0.350
0.350
0.375
0.375
0.375
0.375
0.400
0.400
0.400
0.400
0.425
0.425
0.425
0.450
0.450
0.450
0.450
0.450
0.475
0.475
0.500
0.550
0.250
0.275
0.275
0.300
0.300
0.325
0.325
0.325
0.325
0.325
0.325
0.350
0.350
0.350
0.350
0.375
0.375
0.375
0.375
0.375
0.400
0.400
0.400
0.425
0.425
0.425
0.450
0.500
0.275
0.275
0.300
0.300
0.300
0.300
0.300
0.325
0.325
0.325
0.325
0.325
0.325
0.325
0.350
0.350
0.350
0.350
0.350
0.375
0.375
0.375
0.400
0.400
0.425
0.450
0.225
0.250
0.250
0.275
0.275
0.275
0.275
0.300
0.300
0.300
0.300
0.300
0.325
0.325
0.325
0.325
0.325
0.350
0.350
0.375
0.375
0.400
0.200
0.225
0.225
0.225
0.225
0.225
0.225
0.225
0.250
0.250
0.250
0.250
0.275
0.275
0.275
0.275
0.300
0.300
0.325
0.350
0.150
0.175
0.175
0.200
0.200
0.200
0.200
0.225
0.225
0.225
0.225
0.225
0.225
0.250
0.250
0.250
0.275
0.300
0.150
0.150
0.175
0.175
0.175
0.175
0.200
0.200
0.200
0.200
0.225
0.225
0.225
0.225
0.275
0.125
0.125
0.125
0.150
0.150
0.150
0.150
0.150
0.175
0.175
0.175
0.175
0.175
0.200
0.200
0.200
0.200
0.225
0.225
0.225
0.125
0.125
0.125
0.125
0.150
0.150
0.150
0.150
0.150
0.175
0.175
0.175
0.200
0.100
0.100
0.100
0.125
0.125
0.125
0.150
0.150
0.150
0.150
0.150
0.175
0.175
0.200
0.100
0.100
0.100
0.125
0.125
0.125
0.125
0.150
0.150
0.150
0.175
0.075
0.075
0.075
0.100
0.100
0.100
0.100
0.125
0.125
0.125
0.125
0.125