9431.0
16054.0
16452.0
16054.0
14905.0
16755.0
17538.0
27116.0
27654.0
27659.0
17538.0
27116.0
27654.0
27659.0
27116.0
27654.0
4364.0
4366.0
5110.0
4366.0
5110.0
5114.0
5231.0
5114.0
5110.0
5114.0
5171.0
5231.0
5110.0
5114.0
5171.0
5231.0
5110.0
5114.0
5171.0
5231.0
5110.0
5114.0
81275.0
81275.0
81474.0
81474.0
81474.0
86571.0
86571.0
102366.0
86571.0
92009.0
102366.0
86571.0
92009.0
99833.0
102366.0
92009.0
99833.0
102366.0
99833.0
102366.0
86571.0
92009.0
99833.0
102366.0
92009.0
92009.0
99833.0
92009.0
4535.0
4540.0
4540.0
4540.0
4540.0
9910.0
9910.0
9910.0
15049.0
9910.0
10341.0
14020.0
15049.0
14020.0
9910.0
10341.0
14020.0
15049.0
9910.0
10341.0
14020.0
15049.0
9910.0
10341.0
14020.0
15049.0
9910.0
10341.0
9910.0
10341.0
14020.0
15049.0
9910.0
10341.0
14020.0
15049.0
9910.0
10341.0
9910.0
10341.0
63762.0
63762.0
64220.0
64220.0
64220.0
64220.0
64220.0
64220.0
67405.0
67405.0
72624.0
67405.0
72624.0
74106.0
67405.0
71059.0
72624.0
67405.0
71059.0
72624.0
74106.0
67405.0
71059.0
72624.0
74106.0
71059.0
72624.0
74106.0
71059.0
67405.0
71059.0
72624.0
74106.0
67405.0
71059.0
72624.0
74106.0
71059.0
72624.0
74106.0
74106.0
74106.0
74106.0
69157.0
72209.0
69157.0
72209.0
72209.0
72209.0
72209.0
72209.0
72209.0
72209.0
70473.0
70473.0
85848.0
69347.0
70473.0
85848.0
70473.0
83472.0
85848.0
69347.0
70473.0
83472.0
85848.0
70473.0
83472.0
85848.0
69347.0
70473.0
83472.0
85848.0
69347.0
70473.0
83472.0
85848.0
69347.0
70473.0
83472.0
85848.0
83472.0
69347.0
70473.0
83472.0
85848.0
83472.0
85848.0
69347.0
83472.0
85848.0
69347.0
70473.0
83472.0
85848.0
69347.0
83472.0
85848.0
69347.0
69347.0
83472.0
69347.0
69347.0
69347.0
69347.0
54757.0
54757.0
142268.0
142268.0
142268.0
142268.0
142268.0
142268.0
142268.0
142268.0
142268.0
142268.0
135808.0
135808.0
155094.0
135808.0
155094.0
153695.0
155094.0
135808.0
138229.0
153695.0
155094.0
135808.0
153695.0
155094.0
153695.0
155094.0
135808.0
153695.0
155094.0
135808.0
138229.0
153695.0
155094.0
135808.0
138229.0
153695.0
155094.0
135808.0
153695.0
135808.0
138229.0
153695.0
155094.0
135808.0
138229.0
153695.0
155094.0
135808.0
138229.0
153695.0
155094.0
135808.0
138229.0
153695.0
155094.0
138229.0
135808.0
138229.0
135808.0
138229.0
153695.0
155094.0
138229.0
138229.0
155094.0
138229.0
138229.0
138229.0
138229.0
35009.0
35009.0
46299.0
46299.0
46299.0
46299.0
46299.0
46299.0
46299.0
46299.0
46299.0
46299.0
46299.0
43524.0
43524.0
46379.0
43524.0
46379.0
46502.0
46379.0
43524.0
46379.0
46958.0
43524.0
46379.0
46958.0
43524.0
46379.0
46958.0
46958.0
43524.0
46379.0
46502.0
46958.0
43524.0
46379.0
46502.0
46958.0
46379.0
46502.0
46958.0
43524.0
46958.0
43524.0
46379.0
46958.0
43524.0
46379.0
46502.0
46958.0
43524.0
46379.0
46502.0
46958.0
46379.0
46379.0
46502.0
46958.0
43524.0
46502.0
46958.0
43524.0
46379.0
46502.0
46958.0
43524.0
46379.0
46502.0
46502.0
46958.0
43524.0
46379.0
46502.0
46502.0
46502.0
46502.0
46502.0
46502.0
41109.0
41588.0
41109.0
41588.0
41588.0
41109.0
41588.0
41588.0
41588.0
41588.0
41588.0
41588.0
41588.0
41588.0
41588.0
41588.0
41588.0
41384.0
41384.0
41575.0
41575.0
41575.0
41384.0
41387.0
41575.0
41384.0
41575.0
41384.0
41387.0
41575.0
41384.0
41575.0
41384.0
41387.0
41575.0
41384.0
41384.0
41387.0
41575.0
41384.0
41384.0
41387.0
41575.0
41384.0
41387.0
41575.0
41384.0
41387.0
41387.0
41387.0
41575.0
41387.0
41387.0
41387.0
34795.0
33821.0
34795.0
33821.0
33821.0
33821.0
33821.0
33821.0
33821.0
33821.0
30980.0
30980.0
31435.0
31509.0
31509.0
30963.0
30980.0
31509.0
30963.0
30980.0
31509.0
30963.0
30980.0
31509.0
30963.0
30980.0
31435.0
31509.0
30963.0
30980.0
31435.0
31509.0
30963.0
30980.0
31435.0
31509.0
30963.0
30963.0
30980.0
31435.0
31509.0
30980.0
30963.0
30980.0
31435.0
31509.0
30963.0
30980.0
31435.0
31509.0
30963.0
30980.0
31435.0
31509.0
30980.0
31435.0
31509.0
31435.0
31435.0
31435.0
2193.0
2192.0
2193.0
2192.0
2192.0
2192.0
2192.0
2192.0
2192.0
2188.0
2191.0
2191.0
2159.0
2188.0
2191.0
2159.0
2188.0
2159.0
2188.0
2159.0
2188.0
2191.0
2159.0
2188.0
2191.0
2159.0
2188.0
2159.0
2159.0
2188.0
2191.0
2159.0
2188.0
2191.0
2159.0
2188.0
2191.0
2188.0
2159.0
2188.0
2191.0
2159.0
2188.0
2191.0
2159.0
2191.0
2159.0
2159.0
2159.0
10314.0
10314.0
10314.0
10314.0
10314.0
10314.0
10314.0
10314.0
10314.0
10314.0
10335.0
10309.0
10335.0
10309.0
10310.0
10321.0
10335.0
10321.0
10309.0
10335.0
10309.0
10321.0
10335.0
10309.0
10310.0
10335.0
10309.0
10335.0
10309.0
10309.0
10310.0
10321.0
10335.0
10309.0
10310.0
10321.0
10335.0
10309.0
10310.0
10321.0
10335.0
10309.0
10310.0
10321.0
10335.0
10309.0
10310.0
10321.0
10335.0
10309.0
10310.0
10321.0
10335.0
10310.0
10321.0
10310.0
10310.0
10310.0
10310.0
778.0
777.0
777.0
778.0
777.0
777.0
777.0
777.0
777.0
777.0
777.0
771.0
771.0
771.0
773.0
771.0
773.0
771.0
771.0
773.0
771.0
773.0
771.0
773.0
771.0
773.0
771.0
771.0
773.0
771.0
773.0
771.0
771.0
773.0
771.0
773.0
771.0
771.0
773.0
771.0
773.0
771.0
773.0
773.0
324.0
323.0
323.0
323.0
324.0
323.0
323.0
323.0
313.0
323.0
313.0
313.0
317.0
319.0
313.0
317.0
319.0
313.0
317.0
319.0
313.0
313.0
319.0
313.0
319.0
313.0
313.0
317.0
319.0
313.0
317.0
319.0
313.0
317.0
319.0
313.0
313.0
317.0
313.0
317.0
319.0
313.0
317.0
319.0
313.0
317.0
319.0
317.0
317.0
317.0
317.0
2868.0
2868.0
2868.0
2868.0
2868.0
2868.0
2868.0
2868.0
2868.0
2868.0
2868.0
2865.0
2846.0
2859.0
2865.0
2817.0
2859.0
2865.0
2817.0
2859.0
2817.0
2846.0
2865.0
2817.0
2846.0
2859.0
2865.0
2817.0
2865.0
2817.0
2846.0
2859.0
2865.0
2817.0
2846.0
2859.0
2865.0
2865.0
2817.0
2846.0
2859.0
2865.0
2865.0
2817.0
2846.0
2859.0
2865.0
2817.0
2846.0
2865.0
2817.0
2846.0
2859.0
2865.0
2846.0
2859.0
2865.0
2846.0
2859.0
2846.0
2859.0
2846.0
2846.0
2859.0
2859.0
2859.0
2859.0
336.0
351.0
336.0
351.0
336.0
351.0
336.0
351.0
336.0
351.0
336.0
351.0
336.0
351.0
336.0
351.0
336.0
351.0
336.0
351.0
351.0
336.0
351.0
336.0
351.0
336.0
351.0
336.0
351.0
336.0
336.0
336.0
336.0
690.0
705.0
705.0
705.0
705.0
705.0
705.0
705.0
690.0
705.0
690.0
705.0
690.0
705.0
690.0
705.0
690.0
705.0
705.0
690.0
705.0
690.0
705.0
690.0
705.0
690.0
705.0
705.0
690.0
705.0
690.0
705.0
690.0
690.0
37.0
42.0
42.0
34.0
42.0
42.0
42.0
34.0
42.0
34.0
42.0
42.0
34.0
42.0
34.0
42.0
42.0
34.0
42.0
34.0
42.0
34.0
42.0
34.0
42.0
34.0
37.0
34.0
37.0
42.0
34.0
37.0
34.0
34.0
150.0
150.0
150.0
150.0
150.0
150.0
150.0
150.0
150.0
150.0
150.0
150.0
150.0
150.0
150.0
150.0
150.0
150.0
150.0
150.0
150.0
150.0
150.0
150.0
150.0
150.0
150.0
150.0
43.0
42.0
43.0
42.0
42.0
42.0
42.0
27.0
27.0
27.0
40.0
27.0
40.0
40.0
27.0
27.0
40.0
27.0
40.0
27.0
40.0
27.0
27.0
40.0
27.0
27.0
27.0
27.0
40.0
27.0
27.0
40.0
27.0
27.0
40.0
27.0
40.0
27.0
40.0
27.0
40.0
27.0
40.0
27.0
40.0
40.0
52.0
52.0
52.0
52.0
52.0
52.0
54.0
54.0
54.0
54.0
54.0
54.0
54.0
54.0
54.0
54.0
54.0
54.0
54.0
54.0
54.0
54.0
54.0
54.0
54.0
54.0
54.0
54.0
54.0
54.0
533.0
533.0
533.0
533.0
533.0
533.0
533.0
533.0
533.0
533.0
533.0
533.0
533.0
533.0
533.0
533.0
533.0
533.0
533.0
533.0
533.0
533.0
533.0
427.0
427.0
427.0
427.0
427.0
427.0
427.0
427.0
427.0
427.0
427.0
427.0
427.0
427.0
427.0
427.0
427.0
427.0
427.0
427.0
427.0
427.0
427.0
427.0
427.0
427.0
427.0
427.0
243.0
243.0
243.0
243.0
243.0
243.0
243.0
243.0
243.0
328.0
328.0
308.0
328.0
328.0
255.0
328.0
255.0
308.0
328.0
328.0
255.0
328.0
308.0
328.0
255.0
308.0
328.0
328.0
255.0
308.0
328.0
255.0
328.0
308.0
328.0
328.0
255.0
308.0
328.0
255.0
308.0
328.0
255.0
308.0
328.0
308.0
328.0
255.0
308.0
308.0
308.0
308.0
308.0
118.0
118.0
118.0
118.0
119.0
118.0
119.0
119.0
119.0
119.0
119.0
119.0
119.0
119.0
119.0
119.0
119.0
119.0
119.0
119.0
119.0
119.0
119.0
119.0
119.0
119.0
119.0
119.0
119.0
119.0
119.0
119.0
5.0
9.0
9.0
9.0
9.0
9.0
9.0
9.0
9.0
9.0
9.0
9.0
9.0
9.0
9.0
9.0
9.0
9.0
9.0
9.0
9.0
9.0
9.0
9.0
9.0
9.0
9.0
9.0
55.0
55.0
55.0
55.0
55.0
69.0
55.0
69.0
69.0
69.0
69.0
69.0
69.0
69.0
69.0
69.0
69.0
69.0
69.0
69.0
69.0
69.0
69.0
69.0
69.0
69.0
69.0
69.0
69.0
69.0
69.0
69.0