0.075
0.075
0.075
0.100
0.075
0.075
0.075
0.075
0.075
0.075
0.100
0.100
0.100
0.100
0.125
0.125
0.100
0.100
0.100
0.125
0.125
0.125
0.125
0.150
0.150
0.150
0.150
0.150
0.175
0.175
0.175
0.175
0.200
0.200
0.200
0.200
0.225
0.225
0.125
0.150
0.150
0.175
0.200
0.200
0.225
0.225
0.250
0.250
0.250
0.275
0.275
0.275
0.275
0.300
0.300
0.300
0.300
0.300
0.325
0.325
0.325
0.325
0.325
0.350
0.350
0.375
0.200
0.250
0.275
0.300
0.325
0.325
0.350
0.375
0.375
0.400
0.400
0.400
0.400
0.425
0.425
0.425
0.425
0.425
0.450
0.450
0.450
0.450
0.475
0.475
0.475
0.475
0.475
0.475
0.500
0.500
0.500
0.500
0.525
0.525
0.525
0.525
0.550
0.550
0.575
0.575
0.350
0.375
0.375
0.400
0.425
0.450
0.475
0.500
0.500
0.525
0.525
0.550
0.550
0.550
0.575
0.575
0.575
0.600
0.600
0.600
0.600
0.625
0.625
0.625
0.625
0.650
0.650
0.650
0.650
0.675
0.675
0.675
0.675
0.700
0.700
0.700
0.700
0.725
0.725
0.725
0.750
0.775
0.800
0.675
0.775
0.800
0.800
0.825
0.850
0.875
0.900
0.925
0.950
0.975
1.000
1.000
1.025
1.025
1.025
1.050
1.050
1.050
1.075
1.075
1.075
1.075
1.100
1.100
1.100
1.125
1.125
1.125
1.125
1.150
1.150
1.150
1.150
1.175
1.175
1.175
1.175
1.175
1.200
1.200
1.200
1.200
1.200
1.200
1.225
1.225
1.225
1.250
1.250
1.250
1.250
1.275
1.275
1.275
1.300
1.300
1.300
1.325
1.325
1.350
1.375
1.150
1.300
1.300
1.325
1.350
1.375
1.400
1.425
1.450
1.475
1.500
1.525
1.575
1.600
1.600
1.625
1.625
1.650
1.650
1.675
1.675
1.675
1.675
1.700
1.700
1.700
1.725
1.725
1.750
1.750
1.750
1.775
1.775
1.775
1.775
1.800
1.800
1.800
1.800
1.825
1.825
1.825
1.825
1.825
1.825
1.850
1.850
1.850
1.850
1.875
1.875
1.875
1.875
1.900
1.900
1.900
1.900
1.925
1.925
1.925
1.950
1.950
1.950
1.950
1.975
2.000
2.000
2.025
2.050
2.075
2.100
1.750
1.875
1.875
1.950
1.975
2.000
2.050
2.075
2.100
2.125
2.150
2.175
2.200
2.275
2.300
2.300
2.325
2.325
2.325
2.350
2.375
2.375
2.375
2.400
2.400
2.400
2.425
2.425
2.425
2.450
2.475
2.475
2.475
2.475
2.500
2.500
2.500
2.500
2.525
2.525
2.525
2.525
2.525
2.550
2.550
2.550
2.575
2.575
2.575
2.575
2.600
2.600
2.600
2.600
2.600
2.625
2.625
2.625
2.650
2.650
2.650
2.675
2.675
2.675
2.675
2.700
2.700
2.700
2.725
2.725
2.750
2.750
2.750
2.775
2.775
2.800
2.825
2.850
2.425
2.675
2.700
2.700
2.725
2.750
2.750
2.775
2.775
2.800
2.825
2.850
2.875
2.900
2.925
2.950
2.975
3.050
3.100
3.100
3.125
3.150
3.150
3.150
3.150
3.200
3.200
3.250
3.250
3.250
3.300
3.300
3.350
3.350
3.350
3.350
3.400
3.400
3.400
3.400
3.450
3.450
3.450
3.500
3.500
3.500
3.550
3.550
3.600
3.600
3.600
3.650
3.700
3.750
3.200
3.450
3.450
3.500
3.550
3.600
3.650
3.700
3.750
3.800
3.850
3.900
3.900
3.900
3.950
3.950
3.950
3.950
4.000
4.000
4.000
4.050
4.050
4.050
4.100
4.100
4.100
4.100
4.150
4.150
4.150
4.150
4.200
4.200
4.200
4.200
4.200
4.250
4.250
4.250
4.250
4.300
4.300
4.300
4.300
4.300
4.350
4.350
4.350
4.350
4.400
4.400
4.400
4.400
4.450
4.450
4.450
4.500
4.550
4.600
4.000
4.300
4.300
4.400
4.450
4.500
4.550
4.600
4.650
4.750
4.750
4.800
4.800
4.800
4.800
4.850
4.850
4.900
4.900
4.950
4.950
4.950
5.000
5.000
5.000
5.050
5.050
5.050
5.100
5.100
5.100
5.150
5.150
5.150
5.200
5.200
5.200
5.200
5.250
5.250
5.250
5.300
5.300
5.300
5.350
5.350
5.400
5.450
5.500
5.000
5.050
5.100
5.200
5.250
5.300
5.350
5.400
5.450
5.500
5.600
5.650
5.650
5.700
5.700
5.700
5.700
5.700
5.750
5.750
5.800
5.800
5.800
5.850
5.850
5.850
5.900
5.900
5.950
5.950
5.950
5.950
5.950
6.000
6.000
6.000
6.000
6.050
6.050
6.050
6.050
6.100
6.100
6.100
6.100
6.150
6.150
6.150
6.150
6.200
6.200
6.200
6.200
6.250
6.250
6.300
6.300
6.350
6.400
5.700
6.050
6.100
6.100
6.150
6.200
6.250
6.300
6.350
6.400
6.450
6.500
6.550
6.600
6.600
6.650
6.650
6.700
6.750
6.750
6.800
6.800
6.850
6.850
6.900
6.900
6.950
6.950
6.950
7.000
7.000
7.050
7.100
7.100
7.150
7.150
7.200
7.250
7.250
7.300
7.300
7.350
7.350
7.400
6.600
7.000
7.100
7.150
7.150
7.200
7.250
7.300
7.400
7.400
7.450
7.500
7.500
7.500
7.550
7.550
7.550
7.600
7.600
7.600
7.650
7.700
7.700
7.750
7.750
7.800
7.800
7.800
7.800
7.850
7.850
7.850
7.900
7.900
7.900
7.950
7.950
7.950
8.000
8.000
8.000
8.050
8.050
8.050
8.100
8.100
8.100
8.150
8.150
8.200
8.250
7.750
7.850
7.900
7.950
8.000
8.050
8.100
8.150
8.200
8.250
8.300
8.400
8.450
8.450
8.450
8.500
8.500
8.500
8.550
8.550
8.600
8.600
8.600
8.650
8.650
8.650
8.650
8.700
8.700
8.750
8.750
8.750
8.750
8.800
8.800
8.800
8.800
8.850
8.850
8.850
8.850
8.850
8.900
8.900
8.900
8.900
8.900
8.950
8.950
8.950
9.000
9.000
9.000
9.000
9.050
9.050
9.050
9.100
9.100
9.150
9.150
9.150
9.200
9.200
9.250
9.300
9.350
8.500
9.350
9.400
9.400
9.450
9.450
9.500
9.500
9.550
9.550
9.600
9.600
9.650
9.650
9.700
9.700
9.750
9.750
9.800
9.800
9.850
9.850
9.850
9.900
9.900
9.950
9.950
10.000
10.000
10.050
10.100
10.150
10.200
8.100
10.250
10.300
10.350
10.400
10.450
10.500
10.550
10.600
10.600
10.650
10.650
10.700
10.700
10.750
10.750
10.800
10.800
10.850
10.850
10.850
10.900
10.900
10.950
10.950
11.000
11.000
11.050
11.100
11.100
11.150
11.150
11.200
11.250
9.300
11.200
11.250
11.300
11.300
11.350
11.400
11.450
11.450
11.500
11.500
11.550
11.600
11.600
11.650
11.650
11.650
11.700
11.700
11.750
11.750
11.800
11.800
11.850
11.850
11.900
11.900
11.950
11.950
11.950
12.000
12.000
12.050
12.100
11.300
11.950
12.000
12.050
12.100
12.200
12.250
12.300
12.350
12.350
12.400
12.450
12.500
12.550
12.600
12.600
12.650
12.650
12.700
12.750
12.800
12.850
12.900
13.000
13.050
13.100
13.150
13.200
12.300
12.900
12.900
12.950
13.000
13.050
13.100
13.150
13.200
13.250
13.250
13.300
13.300
13.350
13.350
13.400
13.400
13.450
13.450
13.500
13.500
13.550
13.600
13.600
13.600
13.650
13.650
13.700
13.700
13.750
13.800
13.800
13.850
13.850
13.850
13.900
13.900
13.950
13.950
14.000
14.000
14.050
14.050
14.100
14.100
14.200
14.400
15.400
15.450
15.500
15.550
15.600
15.600
15.650
15.650
15.700
15.750
15.800
15.850
15.900
15.950
15.950
16.000
16.050
16.100
16.150
16.200
16.200
16.250
16.300
16.350
16.400
16.450
16.500
16.550
16.600
17.100
18.000
18.050
18.050
18.100
18.150
18.200
18.250
18.300
18.350
18.400
18.450
18.500
18.550
18.600
18.650
18.700
18.750
18.800
18.850
18.900
18.950
19.000
18.700
20.000
20.450
20.500
20.550
20.600
20.650
20.700
20.750
20.800
20.850
20.900
20.950
20.950
21.000
21.050
21.050
21.100
21.150
21.200
21.250
21.300
21.350
21.400
21.450
21.500
21.550
21.600
22.050
22.600
22.650
22.700
22.750
22.800
22.850
22.900
22.950
22.950
23.000
23.050
23.050
23.100
23.150
23.150
23.200
23.200
23.200
23.250
23.300
23.300
23.350
23.350
23.400
23.400
23.400
23.450
23.450
23.450
23.450
23.500
23.500
23.550
23.550
23.550
23.600
23.600
23.600
23.650
23.650
23.650
23.700
23.700
23.700
23.750
23.750
23.800
23.800
23.850
23.900
23.950
24.000
27.000
27.700
27.800
27.850
27.850
27.900
27.900
27.950
28.000
28.050
28.050
28.100
28.150
28.200
28.250
28.300
28.350
28.400
28.450
28.450
28.500
28.550
28.600
28.650
28.700
28.750
28.800
28.800
28.850
28.900
29.000
29.050
30.300
30.350
30.400
30.450
30.500
30.550
30.550
30.600
30.650
30.700
30.750
30.800
30.850
30.900
30.950
30.950
31.000
31.050
31.100
31.150
31.200
31.250
31.300
31.300
31.350
31.400
31.450
31.500
31.950
32.650
32.700
32.750
32.800
32.800
32.850
32.850
32.900
32.950
33.000
33.050
33.100
33.100
33.150
33.200
33.250
33.300
33.350
33.400
33.400
33.450
33.500
33.550
33.600
33.650
33.700
33.750
33.800
33.850
33.900
34.000