12.50
12.50
12.50
12.50
13.00
13.00
13.00
13.00
13.00
13.00
13.00
13.00
13.00
13.00
13.00
13.00
13.50
13.50
13.50
13.50
13.50
13.50
13.50
13.50
13.50
13.50
13.50
13.50
13.50
13.50
13.50
13.50
13.50
13.50
13.50
13.50
13.50
13.50
14.00
14.00
14.00
14.00
14.00
14.00
14.00
14.00
14.00
14.00
14.00
14.00
14.00
14.00
14.00
14.00
14.00
14.00
14.00
14.00
14.00
14.00
14.00
14.00
14.00
14.00
14.00
14.00
14.50
14.50
14.50
14.50
14.50
14.50
14.50
14.50
14.50
14.50
14.50
14.50
14.50
14.50
14.50
14.50
14.50
14.50
14.50
14.50
14.50
14.50
14.50
14.50
14.50
14.50
14.50
14.50
14.50
14.50
14.50
14.50
14.50
14.50
14.50
14.50
14.50
14.50
14.50
14.50
15.00
15.00
15.00
15.00
15.00
15.00
15.00
15.00
15.00
15.00
15.00
15.00
15.00
15.00
15.00
15.00
15.00
15.00
15.00
15.00
15.00
15.00
15.00
15.00
15.00
15.00
15.00
15.00
15.00
15.00
15.00
15.00
15.00
15.00
15.00
15.00
15.00
15.00
15.00
15.00
15.00
15.00
15.00
16.00
16.00
16.00
16.00
16.00
16.00
16.00
16.00
16.00
16.00
16.00
16.00
16.00
16.00
16.00
16.00
16.00
16.00
16.00
16.00
16.00
16.00
16.00
16.00
16.00
16.00
16.00
16.00
16.00
16.00
16.00
16.00
16.00
16.00
16.00
16.00
16.00
16.00
16.00
16.00
16.00
16.00
16.00
16.00
16.00
16.00
16.00
16.00
16.00
16.00
16.00
16.00
16.00
16.00
16.00
16.00
16.00
16.00
16.00
16.00
16.00
16.00
17.00
17.00
17.00
17.00
17.00
17.00
17.00
17.00
17.00
17.00
17.00
17.00
17.00
17.00
17.00
17.00
17.00
17.00
17.00
17.00
17.00
17.00
17.00
17.00
17.00
17.00
17.00
17.00
17.00
17.00
17.00
17.00
17.00
17.00
17.00
17.00
17.00
17.00
17.00
17.00
17.00
17.00
17.00
17.00
17.00
17.00
17.00
17.00
17.00
17.00
17.00
17.00
17.00
17.00
17.00
17.00
17.00
17.00
17.00
17.00
17.00
17.00
17.00
17.00
17.00
17.00
17.00
17.00
17.00
17.00
17.00
18.00
18.00
18.00
18.00
18.00
18.00
18.00
18.00
18.00
18.00
18.00
18.00
18.00
18.00
18.00
18.00
18.00
18.00
18.00
18.00
18.00
18.00
18.00
18.00
18.00
18.00
18.00
18.00
18.00
18.00
18.00
18.00
18.00
18.00
18.00
18.00
18.00
18.00
18.00
18.00
18.00
18.00
18.00
18.00
18.00
18.00
18.00
18.00
18.00
18.00
18.00
18.00
18.00
18.00
18.00
18.00
18.00
18.00
18.00
18.00
18.00
18.00
18.00
18.00
18.00
18.00
18.00
18.00
18.00
18.00
18.00
18.00
18.00
18.00
18.00
18.00
18.00
18.00
19.00
19.00
19.00
19.00
19.00
19.00
19.00
19.00
19.00
19.00
19.00
19.00
19.00
19.00
19.00
19.00
19.00
19.00
19.00
19.00
19.00
19.00
19.00
19.00
19.00
19.00
19.00
19.00
19.00
19.00
19.00
19.00
19.00
19.00
19.00
19.00
19.00
19.00
19.00
19.00
19.00
19.00
19.00
19.00
19.00
19.00
19.00
19.00
19.00
19.00
19.00
19.00
19.00
19.00
20.00
20.00
20.00
20.00
20.00
20.00
20.00
20.00
20.00
20.00
20.00
20.00
20.00
20.00
20.00
20.00
20.00
20.00
20.00
20.00
20.00
20.00
20.00
20.00
20.00
20.00
20.00
20.00
20.00
20.00
20.00
20.00
20.00
20.00
20.00
20.00
20.00
20.00
20.00
20.00
20.00
20.00
20.00
20.00
20.00
20.00
20.00
20.00
20.00
20.00
20.00
20.00
20.00
20.00
20.00
20.00
20.00
20.00
20.00
20.00
21.00
21.00
21.00
21.00
21.00
21.00
21.00
21.00
21.00
21.00
21.00
21.00
21.00
21.00
21.00
21.00
21.00
21.00
21.00
21.00
21.00
21.00
21.00
21.00
21.00
21.00
21.00
21.00
21.00
21.00
21.00
21.00
21.00
21.00
21.00
21.00
21.00
21.00
21.00
21.00
21.00
21.00
21.00
21.00
21.00
21.00
21.00
21.00
21.00
22.00
22.00
22.00
22.00
22.00
22.00
22.00
22.00
22.00
22.00
22.00
22.00
22.00
22.00
22.00
22.00
22.00
22.00
22.00
22.00
22.00
22.00
22.00
22.00
22.00
22.00
22.00
22.00
22.00
22.00
22.00
22.00
22.00
22.00
22.00
22.00
22.00
22.00
22.00
22.00
22.00
22.00
22.00
22.00
22.00
22.00
22.00
22.00
22.00
22.00
22.00
22.00
22.00
22.00
22.00
22.00
22.00
22.00
22.00
23.00
23.00
23.00
23.00
23.00
23.00
23.00
23.00
23.00
23.00
23.00
23.00
23.00
23.00
23.00
23.00
23.00
23.00
23.00
23.00
23.00
23.00
23.00
23.00
23.00
23.00
23.00
23.00
23.00
23.00
23.00
23.00
23.00
23.00
23.00
23.00
23.00
23.00
23.00
23.00
23.00
23.00
23.00
23.00
24.00
24.00
24.00
24.00
24.00
24.00
24.00
24.00
24.00
24.00
24.00
24.00
24.00
24.00
24.00
24.00
24.00
24.00
24.00
24.00
24.00
24.00
24.00
24.00
24.00
24.00
24.00
24.00
24.00
24.00
24.00
24.00
24.00
24.00
24.00
24.00
24.00
24.00
24.00
24.00
24.00
24.00
24.00
24.00
24.00
24.00
24.00
24.00
24.00
24.00
24.00
25.00
25.00
25.00
25.00
25.00
25.00
25.00
25.00
25.00
25.00
25.00
25.00
25.00
25.00
25.00
25.00
25.00
25.00
25.00
25.00
25.00
25.00
25.00
25.00
25.00
25.00
25.00
25.00
25.00
25.00
25.00
25.00
25.00
25.00
25.00
25.00
25.00
25.00
25.00
25.00
25.00
25.00
25.00
25.00
25.00
25.00
25.00
25.00
25.00
25.00
25.00
25.00
25.00
25.00
25.00
25.00
25.00
25.00
25.00
25.00
25.00
25.00
25.00
25.00
25.00
25.00
25.00
26.00
26.00
26.00
26.00
26.00
26.00
26.00
26.00
26.00
26.00
26.00
26.00
26.00
26.00
26.00
26.00
26.00
26.00
26.00
26.00
26.00
26.00
26.00
26.00
26.00
26.00
26.00
26.00
26.00
26.00
26.00
26.00
26.00
27.00
27.00
27.00
27.00
27.00
27.00
27.00
27.00
27.00
27.00
27.00
27.00
27.00
27.00
27.00
27.00
27.00
27.00
27.00
27.00
27.00
27.00
27.00
27.00
27.00
27.00
27.00
27.00
27.00
27.00
27.00
27.00
27.00
27.00
28.00
28.00
28.00
28.00
28.00
28.00
28.00
28.00
28.00
28.00
28.00
28.00
28.00
28.00
28.00
28.00
28.00
28.00
28.00
28.00
28.00
28.00
28.00
28.00
28.00
28.00
28.00
28.00
28.00
28.00
28.00
28.00
28.00
28.00
29.00
29.00
29.00
29.00
29.00
29.00
29.00
29.00
29.00
29.00
29.00
29.00
29.00
29.00
29.00
29.00
29.00
29.00
29.00
29.00
29.00
29.00
29.00
29.00
29.00
29.00
29.00
29.00
30.00
30.00
30.00
30.00
30.00
30.00
30.00
30.00
30.00
30.00
30.00
30.00
30.00
30.00
30.00
30.00
30.00
30.00
30.00
30.00
30.00
30.00
30.00
30.00
30.00
30.00
30.00
30.00
30.00
30.00
30.00
30.00
30.00
30.00
30.00
30.00
30.00
30.00
30.00
30.00
30.00
30.00
30.00
30.00
30.00
30.00
32.50
32.50
32.50
32.50
32.50
32.50
32.50
32.50
32.50
32.50
32.50
32.50
32.50
32.50
32.50
32.50
32.50
32.50
32.50
32.50
32.50
32.50
32.50
32.50
32.50
32.50
32.50
32.50
32.50
32.50
35.00
35.00
35.00
35.00
35.00
35.00
35.00
35.00
35.00
35.00
35.00
35.00
35.00
35.00
35.00
35.00
35.00
35.00
35.00
35.00
35.00
35.00
35.00
37.50
37.50
37.50
37.50
37.50
37.50
37.50
37.50
37.50
37.50
37.50
37.50
37.50
37.50
37.50
37.50
37.50
37.50
37.50
37.50
37.50
37.50
37.50
37.50
37.50
37.50
37.50
37.50
40.00
40.00
40.00
40.00
40.00
40.00
40.00
40.00
40.00
40.00
40.00
40.00
40.00
40.00
40.00
40.00
40.00
40.00
40.00
40.00
40.00
40.00
40.00
40.00
40.00
40.00
40.00
40.00
40.00
40.00
40.00
40.00
40.00
40.00
40.00
40.00
40.00
40.00
40.00
40.00
40.00
40.00
40.00
40.00
40.00
40.00
40.00
40.00
40.00
40.00
40.00
40.00
40.00
45.00
45.00
45.00
45.00
45.00
45.00
45.00
45.00
45.00
45.00
45.00
45.00
45.00
45.00
45.00
45.00
45.00
45.00
45.00
45.00
45.00
45.00
45.00
45.00
45.00
45.00
45.00
45.00
45.00
45.00
45.00
45.00
47.50
47.50
47.50
47.50
47.50
47.50
47.50
47.50
47.50
47.50
47.50
47.50
47.50
47.50
47.50
47.50
47.50
47.50
47.50
47.50
47.50
47.50
47.50
47.50
47.50
47.50
47.50
47.50
50.00
50.00
50.00
50.00
50.00
50.00
50.00
50.00
50.00
50.00
50.00
50.00
50.00
50.00
50.00
50.00
50.00
50.00
50.00
50.00
50.00
50.00
50.00
50.00
50.00
50.00
50.00
50.00
50.00
50.00
50.00
50.00